   1.0000000000000000        2.2869999999999999     
   1.0040000000000000        2.3031374571878227     
   1.0080000000000000        2.3201025561100401     
   1.0120000000000000        2.3378844296205168     
   1.0160000000000000        2.3564722662366901     
   1.0200000000000000        2.3758553100261501     
   1.0240000000000000        2.3960228604932041     
   1.0280000000000000        2.4169642724654539     
   1.0320000000000000        2.4386689559803658     
   1.0360000000000000        2.4611263761718432     
   1.0400000000000000        2.4843260531567997     
   1.0440000000000000        2.5082575619217291     
   1.0480000000000000        2.5329105322092795     
   1.0520000000000000        2.5582746484048235     
   1.0560000000000000        2.5843396494230331     
   1.0600000000000001        2.6110953285944500     
   1.0640000000000001        2.6385315335520585     
   1.0680000000000001        2.6666381661178566     
   1.0720000000000001        2.6954051821894285     
   1.0760000000000001        2.7248225916265181     
   1.0800000000000001        2.7548804581376007     
   1.0840000000000001        2.7855688991664525     
   1.0880000000000001        2.8168780857787259     
   1.0920000000000001        2.8487982425485225     
   1.0960000000000001        2.8813196474449603     
   1.1000000000000001        2.9144326317187503     
   1.1040000000000001        2.9481275797887689     
   1.1080000000000001        2.9823949291286276     
   1.1120000000000001        3.0172251701532438     
   1.1160000000000001        3.0526088461054175     
   1.1200000000000001        3.0885365529424003     
   1.1240000000000001        3.1249989392224706     
   1.1280000000000001        3.1619867059915010     
   1.1320000000000001        3.1994906066695323     
   1.1360000000000001        3.2375014469373502     
   1.1400000000000001        3.2760100846230507     
   1.1440000000000001        3.3150074295886158     
   1.1479999999999999        3.3544844436164833     
   1.1519999999999999        3.3944321402961282     
   1.1559999999999999        3.4348415849106178     
   1.1599999999999999        3.4757038943231988     
   1.1639999999999999        3.5170102368638636     
   1.1679999999999999        3.5587518322159215     
   1.1719999999999999        3.6009199513025734     
   1.1759999999999999        3.6435059161734831     
   1.1799999999999999        3.6865010998913492     
   1.1839999999999999        3.7298969264184771     
   1.1879999999999999        3.7736848705033506     
   1.1919999999999999        3.8178564575672063     
   1.1960000000000000        3.8624032635906040     
   1.2000000000000000        3.9073169149999991     
   1.2040000000000000        3.9525890885543142     
   1.2080000000000000        3.9982115112315117     
   1.2120000000000000        4.0441759601151670     
   1.2160000000000000        4.0904742622810417     
   1.2200000000000000        4.1370982946836490     
   1.2240000000000000        4.1840399840428359     
   1.2280000000000000        4.2312913067303457     
   1.2320000000000000        4.2788442886563978     
   1.2360000000000000        4.3266910051562553     
   1.2400000000000000        4.3748235808767992     
   1.2440000000000000        4.4232341896631011     
   1.2480000000000000        4.4719150544449899     
   1.2520000000000000        4.5208584471236355     
   1.2560000000000000        4.5700566884581040     
   1.2600000000000000        4.6195021479519491     
   1.2640000000000000        4.6691872437397706     
   1.2680000000000000        4.7191044424737880     
   1.2720000000000000        4.7692462592104201     
   1.2760000000000000        4.8196052572968497     
   1.2800000000000000        4.8701740482576001     
   1.2840000000000000        4.9209452916811038     
   1.2880000000000000        4.9719116951062770     
   1.2920000000000000        5.0230660139090944     
   1.2960000000000000        5.0744010511891515     
   1.3000000000000000        5.1259096576562513     
   1.3040000000000000        5.1775847315169612     
   1.3080000000000001        5.2294192183611985     
   1.3120000000000001        5.2814061110487946     
   1.3160000000000001        5.3335384495960687     
   1.3200000000000001        5.3858093210623998     
   1.3240000000000001        5.4382118594368025     
   1.3280000000000001        5.4907392455244919     
   1.3320000000000001        5.5433847068334652     
   1.3360000000000001        5.5961415174610618     
   1.3400000000000001        5.6490029979805509     
   1.3440000000000001        5.7019625153276881     
   1.3480000000000001        5.7550134826872981     
   1.3519999999999999        5.8081493593798381     
   1.3559999999999999        5.8613636507479878     
   1.3599999999999999        5.9146499080431969     
   1.3639999999999999        5.9680017283122746     
   1.3679999999999999        6.0214127542839515     
   1.3719999999999999        6.0748766742554636     
   1.3759999999999999        6.1283872219791142     
   1.3799999999999999        6.1819381765488473     
   1.3839999999999999        6.2355233622868278     
   1.3879999999999999        6.2891366486300022     
   1.3919999999999999        6.3427719500166777     
   1.3959999999999999        6.3964232257730957     
   1.3999999999999999        6.4500844799999983     
   1.4039999999999999        6.5037497614592050     
   1.4079999999999999        6.5574131634601827     
   1.4119999999999999        6.6110688237466189     
   1.4159999999999999        6.6647109243829918     
   1.4199999999999999        6.7183336916411482     
   1.4239999999999999        6.7719313958868659     
   1.4279999999999999        6.8254983514664360     
   1.4319999999999999        6.8790289165932288     
   1.4359999999999999        6.9325174932342666     
   1.4399999999999999        6.9859585269967983     
   1.4440000000000000        7.0393465070148720     
   1.4480000000000000        7.0926759658359018     
   1.4520000000000000        7.1459414793072442     
   1.4560000000000000        7.1991376664627742     
   1.4600000000000000        7.2522591894094486     
   1.4640000000000000        7.3053007532138805     
   1.4680000000000000        7.3582571057889190     
   1.4720000000000000        7.4111230377802109     
   1.4760000000000000        7.4638933824527802     
   1.4800000000000000        7.5165630155775993     
   1.4840000000000000        7.5691268553181539     
   1.4880000000000000        7.6215798621170281     
   1.4920000000000000        7.6739170385824655     
   1.4960000000000000        7.7261334293749426     
   1.5000000000000000        7.7782241210937499     
   1.5040000000000000        7.8301842421635515     
   1.5080000000000000        7.8820089627209704     
   1.5120000000000000        7.9336934945011466     
   1.5160000000000000        7.9852330907243187     
   1.5200000000000000        8.0366230459823988     
   1.5240000000000000        8.0878586961255348     
   1.5280000000000000        8.1389354181486837     
   1.5320000000000000        8.1898486300781954     
   1.5360000000000000        8.2405937908583731     
   1.5400000000000000        8.2911664002380494     
   1.5440000000000000        8.3415619986571592     
   1.5480000000000000        8.3917761671333082     
   1.5520000000000000        8.4418045271483528     
   1.5560000000000000        8.4916427405349619     
   1.5600000000000001        8.5412865093632000     
   1.5640000000000001        8.5907315758270872     
   1.5680000000000001        8.6399737221311863     
   1.5720000000000001        8.6890087703771570     
   1.5760000000000001        8.7378325824503467     
   1.5800000000000001        8.7864410599063483     
   1.5840000000000001        8.8348301438575803     
   1.5880000000000001        8.8829958148598553     
   1.5920000000000001        8.9309340927989513     
   1.5960000000000001        8.9786410367771889     
   1.6000000000000001        9.0261127450000007     
   1.6040000000000001        9.0733453546624983     
   1.6080000000000001        9.1203350418360571     
   1.6120000000000001        9.1670780213548717     
   1.6160000000000001        9.2135705467025453     
   1.6200000000000001        9.2598089098986502     
   1.6240000000000001        9.3057894413853006     
   1.6280000000000001        9.3515085099137281     
   1.6320000000000001        9.3969625224308615     
   1.6360000000000001        9.4421479239658801     
   1.6400000000000001        9.4870611975168000     
   1.6440000000000001        9.5316988639370468     
   1.6480000000000001        9.5760574818220157     
   1.6520000000000001        9.6201336473956598     
   1.6560000000000001        9.6639239943970487     
   1.6600000000000001        9.7074251939669516     
   1.6640000000000001        9.7506339545343952     
   1.6680000000000001        9.7935470217032528     
   1.6720000000000002        9.8361611781388056     
   1.6760000000000002        9.8784732434543123     
   1.6800000000000002        9.9204800740976005     
   1.6840000000000002        9.9621785632376074     
   1.6880000000000002        10.003565640650981     
   1.6920000000000002        10.044638272608637     
   1.6960000000000002        10.085393461762337     
   1.7000000000000002        10.125828247031249     
   1.7040000000000000        10.165939703488544     
   1.7080000000000000        10.205724942247940     
   1.7120000000000000        10.245181110350298     
   1.7160000000000000        10.284305390650172     
   1.7200000000000000        10.323095001702400     
   1.7240000000000000        10.361547197648665     
   1.7280000000000000        10.399659268104076     
   1.7320000000000000        10.437428538043726     
   1.7360000000000000        10.474852367689284     
   1.7400000000000000        10.511928152395548     
   1.7440000000000000        10.548653322537028     
   1.7480000000000000        10.585025343394518     
   1.7520000000000000        10.621041715041663     
   1.7560000000000000        10.656699972231532     
   1.7600000000000000        10.691997684283198     
   1.7640000000000000        10.726932454968297     
   1.7680000000000000        10.761501922397615     
   1.7720000000000000        10.795703758907649     
   1.7760000000000000        10.829535670947179     
   1.7800000000000000        10.862995398963848     
   1.7840000000000000        10.896080717290733     
   1.7880000000000000        10.928789434032906     
   1.7920000000000000        10.961119390954021     
   1.7960000000000000        10.993068463362880     
   1.8000000000000000        11.024634559999999     
   1.8040000000000000        11.055815622924191     
   1.8080000000000001        11.086609627399129     
   1.8120000000000001        11.117014581779923     
   1.8160000000000001        11.147028527399698     
   1.8200000000000001        11.176649538456148     
   1.8240000000000001        11.205875721898131     
   1.8280000000000001        11.234705217312221     
   1.8320000000000001        11.263136196809294     
   1.8359999999999999        11.291166864911087     
   1.8399999999999999        11.318795458436798     
   1.8439999999999999        11.346020246389616     
   1.8479999999999999        11.372839529843326     
   1.8519999999999999        11.399251641828869     
   1.8559999999999999        11.425254947220919     
   1.8599999999999999        11.450847842624448     
   1.8639999999999999        11.476028756261304     
   1.8679999999999999        11.500796147856782     
   1.8719999999999999        11.525148508526193     
   1.8759999999999999        11.549084360661444     
   1.8799999999999999        11.572602257817600     
   1.8839999999999999        11.595700784599458     
   1.8879999999999999        11.618378556548130     
   1.8919999999999999        11.640634220027607     
   1.8959999999999999        11.662466452111325     
   1.8999999999999999        11.683873960468748     
   1.9039999999999999        11.704855483251935     
   1.9079999999999999        11.725409788982113     
   1.9119999999999999        11.745535676436248     
   1.9159999999999999        11.765231974533624     
   1.9199999999999999        11.784497542222397     
   1.9239999999999999        11.803331268366195     
   1.9279999999999999        11.821732071630665     
   1.9319999999999999        11.839698900370058     
   1.9359999999999999        11.857230732513795     
   1.9399999999999999        11.874326575453049     
   1.9440000000000000        11.890985465927301     
   1.9480000000000000        11.907206469910930     
   1.9520000000000000        11.922988682499774     
   1.9560000000000000        11.938331227797706     
   1.9600000000000000        11.953233258803198     
   1.9640000000000000        11.967693957295911     
   1.9680000000000000        11.981712533723249     
   1.9720000000000000        11.995288227086940     
   1.9760000000000000        12.008420304829610     
   1.9800000000000000        12.021108062721348     
   1.9840000000000000        12.033350824746284     
   1.9880000000000000        12.045147942989159     
   1.9920000000000000        12.056498797521893     
   1.9960000000000000        12.067402796290171     
   2.0000000000000000        12.077859374999999     
   2.0040000000000000        12.087867997004281     
   2.0080000000000000        12.097428153189398     
   2.0120000000000000        12.106539361861774     
   2.0160000000000000        12.115201168634449     
   2.0200000000000000        12.123413146313650     
   2.0240000000000000        12.131174894785360     
   2.0280000000000000        12.138486040901912     
   2.0320000000000000        12.145346238368525     
   2.0360000000000000        12.151755167629902     
   2.0400000000000000        12.157712535756799     
   2.0440000000000000        12.163218076332587     
   2.0480000000000000        12.168271549339838     
   2.0520000000000000        12.172872741046881     
   2.0560000000000000        12.177021463894391     
   2.0600000000000001        12.180717556381948     
   2.0640000000000001        12.183960882954619     
   2.0680000000000001        12.186751333889514     
   2.0720000000000001        12.189088825182388     
   2.0760000000000001        12.190973298434175     
   2.0800000000000001        12.192404720737596     
   2.0840000000000001        12.193383084563708     
   2.0880000000000001        12.193908407648482     
   2.0920000000000001        12.193980732879378     
   2.0960000000000001        12.193600128181918     
   2.1000000000000001        12.192766686406248     
   2.1040000000000001        12.191480525213727     
   2.1080000000000001        12.189741786963484     
   2.1120000000000001        12.187550638599001     
   2.1160000000000001        12.184907271534673     
   2.1200000000000001        12.181811901542398     
   2.1240000000000001        12.178264768638130     
   2.1280000000000001        12.174266136968457     
   2.1320000000000001        12.169816294697188     
   2.1360000000000001        12.164915553891907     
   2.1400000000000001        12.159564250410551     
   2.1440000000000001        12.153762743787974     
   2.1480000000000001        12.147511417122542     
   2.1520000000000001        12.140810676962687     
   2.1559999999999997        12.133660953193477     
   2.1600000000000001        12.126062698923198     
   2.1639999999999997        12.118016390369920     
   2.1680000000000001        12.109522526748078     
   2.1719999999999997        12.100581630155030     
   2.1760000000000002        12.091194245457640     
   2.1799999999999997        12.081360940178847     
   2.1840000000000002        12.071082304384236     
   2.1879999999999997        12.060358950568610     
   2.1920000000000002        12.049191513542565     
   2.1959999999999997        12.037580650319063     
   2.2000000000000002        12.025527039999998     
   2.2039999999999997        12.013031383662774     
   2.2080000000000002        12.000094404246870     
   2.2119999999999997        11.986716846440428     
   2.2160000000000002        11.972899476566798     
   2.2199999999999998        11.958643082471150     
   2.2240000000000002        11.943948473406993     
   2.2279999999999998        11.928816479922805     
   2.2320000000000002        11.913247953748556     
   2.2359999999999998        11.897243767682314     
   2.2400000000000002        11.880804815476797     
   2.2439999999999998        11.863932011725961     
   2.2480000000000002        11.846626291751548     
   2.2519999999999998        11.828888611489695     
   2.2560000000000002        11.810719947377464     
   2.2599999999999998        11.792121296239449     
   2.2640000000000002        11.773093675174328     
   2.2679999999999998        11.753638121441448     
   2.2720000000000002        11.733755692347378     
   2.2759999999999998        11.713447465132511     
   2.2800000000000002        11.692714536857597     
   2.2839999999999998        11.671558024290363     
   2.2880000000000003        11.649979063792031     
   2.2919999999999998        11.627978811203953     
   2.2960000000000003        11.605558441734107     
   2.2999999999999998        11.582719149843747     
   2.3040000000000003        11.559462149133916     
   2.3079999999999998        11.535788672232057     
   2.3120000000000003        11.511699970678551     
   2.3159999999999998        11.487197314813329     
   2.3200000000000003        11.462281993662398     
   2.3239999999999998        11.436955314824461     
   2.3280000000000003        11.411218604357448     
   2.3319999999999999        11.385073206665123     
   2.3360000000000003        11.358520484383616     
   2.3399999999999999        11.331561818268050     
   2.3440000000000003        11.304198607079044     
   2.3479999999999999        11.276432267469355     
   2.3520000000000003        11.248264233870396     
   2.3559999999999999        11.219695958378850     
   2.3600000000000003        11.190728910643196     
   2.3639999999999999        11.161364577750335     
   2.3680000000000003        11.131604464112110     
   2.3719999999999999        11.101450091351925     
   2.3760000000000003        11.070902998191272     
   2.3799999999999999        11.039964740336350     
   2.3840000000000003        11.008636890364585     
   2.3879999999999999        10.976921037611262     
   2.3920000000000003        10.944818788056036     
   2.3959999999999999        10.912331764209554     
   2.4000000000000004        10.879461604999994     
   2.4039999999999999        10.846209965659666     
   2.4079999999999999        10.812578517611545     
   2.4119999999999999        10.778568948355879     
   2.4159999999999999        10.744182961356751     
   2.4199999999999999        10.709422275928649     
   2.4239999999999999        10.674288627123026     
   2.4279999999999999        10.638783765614896     
   2.4319999999999999        10.602909457589389     
   2.4359999999999999        10.566667484628326     
   2.4399999999999999        10.530059643596799     
   2.4440000000000000        10.493087746529733     
   2.4480000000000000        10.455753620518461     
   2.4520000000000000        10.418059107597305     
   2.4560000000000000        10.380006064630138     
   2.4600000000000000        10.341596363196947     
   2.4640000000000000        10.302831889480442     
   2.4680000000000000        10.263714544152579     
   2.4720000000000000        10.224246242261172     
   2.4760000000000000        10.184428913116442     
   2.4800000000000000        10.144264500177599     
   2.4840000000000000        10.103754960939414     
   2.4880000000000000        10.062902266818789     
   2.4920000000000000        10.021708403041323     
   2.4960000000000000        9.9801753685279024     
   2.5000000000000000        9.9383051757812488     
   2.5040000000000000        9.8960998507725115     
   2.5080000000000000        9.8535614328278296     
   2.5120000000000000        9.8106919745149046     
   2.5160000000000000        9.7674935415295785     
   2.5200000000000000        9.7239682125823990     
   2.5240000000000000        9.6801180792851920     
   2.5280000000000000        9.6359452460376431     
   2.5320000000000000        9.5914518299138543     
   2.5360000000000000        9.5466399605489318     
   2.5400000000000000        9.5015117800255471     
   2.5440000000000000        9.4560694427605174     
   2.5480000000000000        9.4103151153913682     
   2.5520000000000000        9.3642509766629107     
   2.5560000000000000        9.3178792173138216     
   2.5600000000000001        9.2712020399631978     
   2.5640000000000001        9.2242216589971484     
   2.5680000000000001        9.1769403004553425     
   2.5720000000000001        9.1293602019176170     
   2.5760000000000001        9.0814836123905049     
   2.5800000000000001        9.0333127921938488     
   2.5840000000000001        8.9848500128473390     
   2.5880000000000001        8.9360975569571135     
   2.5920000000000001        8.8870577181023087     
   2.5960000000000001        8.8377328007216462     
   2.6000000000000001        8.7881251199999966     
   2.6040000000000001        8.7382370017549551     
   2.6080000000000001        8.6880707823234147     
   2.6120000000000001        8.6376288084481310     
   2.6160000000000001        8.5869134371643039     
   2.6200000000000001        8.5359270356861483     
   2.6240000000000001        8.4846719812934577     
   2.6280000000000001        8.4331506612181872     
   2.6320000000000001        8.3813654725310194     
   2.6360000000000001        8.3293188220279362     
   2.6400000000000001        8.2770131261167972     
   2.6440000000000001        8.2244508107039014     
   2.6480000000000001        8.1716343110805720     
   2.6520000000000001        8.1185660718097150     
   2.6560000000000001        8.0652485466124055     
   2.6600000000000001        8.0116841982544464     
   2.6640000000000001        7.9578754984329514     
   2.6680000000000001        7.9038249276629085     
   2.6719999999999997        7.8495349751637669     
   2.6760000000000002        7.7950081387459695     
   2.6799999999999997        7.7402469246976020     
   2.6840000000000002        7.6852538476708627     
   2.6879999999999997        7.6300314305687422     
   2.6920000000000002        7.5745822044314917     
   2.6959999999999997        7.5189087083232966     
   2.7000000000000002        7.4630134892187447     
   2.7039999999999997        7.4068991018895058     
   2.7080000000000002        7.3505681087907977     
   2.7119999999999997        7.2940230799480599     
   2.7160000000000002        7.2372665928434268     
   2.7199999999999998        7.1803012323024005     
   2.7240000000000002        7.1231295903803202     
   2.7279999999999998        7.0657542662490380     
   2.7320000000000002        7.0081778660833836     
   2.7359999999999998        6.9504030029478479     
   2.7400000000000002        6.8924322966830465     
   2.7439999999999998        6.8342683737923942     
   2.7480000000000002        6.7759138673285770     
   2.7519999999999998        6.7173714167802281     
   2.7560000000000002        6.6586436679583896     
   2.7599999999999998        6.5997332728832010     
   2.7640000000000002        6.5406428896703561     
   2.7679999999999998        6.4813751824177803     
   2.7720000000000002        6.4219328210921054     
   2.7759999999999998        6.3623184814153415     
   2.7800000000000002        6.3025348447513450     
   2.7839999999999998        6.2425845979924954     
   2.7880000000000003        6.1824704334461611     
   2.7919999999999998        6.1221950487213865     
   2.7960000000000003        6.0617611466153374     
   2.7999999999999998        6.0011714350000034     
   2.8040000000000003        5.9404286267086466     
   2.8079999999999998        5.8795354394224919     
   2.8120000000000003        5.8184945955571798     
   2.8159999999999998        5.7573088221494606     
   2.8200000000000003        5.6959808507436449     
   2.8239999999999998        5.6345134172782947     
   2.8280000000000003        5.5729092619726774     
   2.8319999999999999        5.5111711292134560     
   2.8360000000000003        5.4493017674411464     
   2.8399999999999999        5.3873039290368014     
   2.8440000000000003        5.3251803702084723     
   2.8479999999999999        5.2629338508778885     
   2.8520000000000003        5.2005671345669260     
   2.8559999999999999        5.1380829882842827     
   2.8600000000000003        5.0754841824119437     
   2.8639999999999999        5.0127734905918677     
   2.8680000000000003        4.9499536896124381     
   2.8719999999999999        4.8870275592951584     
   2.8760000000000003        4.8239978823811001     
   2.8799999999999999        4.7608674444175998     
   2.8840000000000003        4.6976390336447134     
   2.8879999999999999        4.6343154408818936     
   2.8920000000000003        4.5708994594144627     
   2.8959999999999999        4.5073938848802877     
   2.9000000000000004        4.4438015151562436     
   2.9039999999999999        4.3801251502448970     
   2.9080000000000004        4.3163675921609679     
   2.9119999999999999        4.2525316448180108     
   2.9160000000000004        4.1886201139148778     
   2.9199999999999999        4.1246358068223996     
   2.9239999999999999        4.0605815324698602     
   2.9279999999999999        3.9964601012316279     
   2.9319999999999999        3.9322743248137204     
   2.9359999999999999        3.8680270161403563     
   2.9399999999999999        3.8037209892405515     
   2.9440000000000000        3.7393590591346619     
   2.9480000000000000        3.6749440417209938     
   2.9520000000000000        3.6104787536623362     
   2.9560000000000000        3.5459660122725674     
   2.9600000000000000        3.4814086354031990     
   2.9640000000000000        3.4168094413299732     
   2.9680000000000000        3.3521712486394089     
   2.9720000000000000        3.2874968761154024     
   2.9760000000000000        3.2227891426257722     
   2.9800000000000000        3.1580508670088498     
   2.9840000000000000        3.0932848679600462     
   2.9880000000000000        3.0284939639184185     
   2.9920000000000000        2.9636809729532554     
   2.9960000000000000        2.8988487126506328     
   3.0000000000000000        2.8339999999999996     
   3.0040000000000000        2.7691376512807424     
   3.0080000000000000        2.7042644819487602     
   3.0120000000000000        2.6393833065230368     
   3.0160000000000000        2.5744969384722092     
   3.0200000000000000        2.5096081901011495     
   3.0240000000000000        2.4447198724375232     
   3.0280000000000000        2.3798347951183723     
   3.0320000000000000        2.3149557662766855     
   3.0360000000000000        2.2500855924279626     
   3.0400000000000000        2.1852270783568009     
   3.0440000000000000        2.1203830270034478     
   3.0480000000000000        2.0555562393504001     
   3.0520000000000000        1.9907495143089418     
   3.0560000000000000        1.9259656486057539     
   3.0600000000000001        1.8612074366694493     
   3.0640000000000001        1.7964776705171783     
   3.0680000000000001        1.7317791396411746     
   3.0720000000000001        1.6671146308953484     
   3.0760000000000001        1.6024869283818355     
   3.0800000000000001        1.5378988133375988     
   3.0840000000000001        1.4733530640209687     
   3.0880000000000001        1.4088524555982449     
   3.0920000000000001        1.3443997600302395     
   3.0960000000000001        1.2799977459588767     
   3.1000000000000001        1.2156491785937473     
   3.1040000000000001        1.1513568195986870     
   3.1080000000000001        1.0871234269783443     
   3.1120000000000001        1.0229517549647613     
   3.1160000000000001       0.95884455390393442     
   3.1200000000000001       0.89480457014239867     
   3.1240000000000001       0.83083454591378980     
   3.1280000000000001       0.76693721922541647     
   3.1320000000000001       0.70311532374485108     
   3.1360000000000001       0.63937158868646804     
   3.1400000000000001       0.57570873869805061     
   3.1440000000000001       0.51212949374733263     
   3.1480000000000001       0.44863656900860482     
   3.1520000000000001       0.38523267474924738     
   3.1560000000000001       0.32192051621633938     
   3.1600000000000001       0.25870279352319703     
   3.1640000000000001       0.19558220153598310     
   3.1680000000000001       0.13256142976023946     
   3.1720000000000002        6.9643162227493560E-002
   3.1760000000000002        6.8300773818013027E-003
   3.1800000000000002       -5.5875152033650899E-002
   3.1840000000000002      -0.11846985909000590     
   3.1880000000000002      -0.18095138278613054     
   3.1920000000000002      -0.24331706816207666     
   3.1960000000000002      -0.30556426641247530     
   3.2000000000000002      -0.36769033500000292     
   3.2040000000000002      -0.42969263776876715     
   3.2080000000000002      -0.49156854505776970     
   3.2120000000000002      -0.55331543381431225     
   3.2160000000000002      -0.61493068770744164     
   3.2200000000000002      -0.67641169724135286     
   3.2240000000000002      -0.73775585986884940     
   3.2280000000000002      -0.79896058010473703     
   3.2320000000000002      -0.86002326963928777     
   3.2360000000000002      -0.92094134745162770     
   3.2400000000000002      -0.98171223992320422     
   3.2440000000000002       -1.0423333809511832     
   3.2480000000000002       -1.1028022120618908     
   3.2520000000000002       -1.1631161825242478     
   3.2560000000000002       -1.2232727494631765     
   3.2600000000000002       -1.2832693779730544     
   3.2640000000000002       -1.3431035412311121     
   3.2680000000000002       -1.4027727206108960     
   3.2720000000000002       -1.4622744057956618     
   3.2760000000000002       -1.5216060948918342     
   3.2800000000000002       -1.5807652945424020     
   3.2840000000000003       -1.6397495200403811     
   3.2880000000000003       -1.6985562954422062     
   3.2920000000000003       -1.7571831536811913     
   3.2960000000000003       -1.8156276366809325     
   3.3000000000000003       -1.8738872954687533     
   3.3040000000000003       -1.9319596902891218     
   3.3079999999999998       -1.9898423907170786     
   3.3119999999999998       -2.0475329757716834     
   3.3159999999999998       -2.1050290340294087     
   3.3199999999999998       -2.1623281637375995     
   3.3239999999999998       -2.2194279729278743     
   3.3279999999999998       -2.2763260795295879     
   3.3319999999999999       -2.3330201114832128     
   3.3359999999999999       -2.3895077068538173     
   3.3399999999999999       -2.4457865139444457     
   3.3439999999999999       -2.5018541914095920     
   3.3479999999999999       -2.5577084083685788     
   3.3519999999999999       -2.6133468445190369     
   3.3559999999999999       -2.6687671902502865     
   3.3599999999999999       -2.7239671467567987     
   3.3639999999999999       -2.7789444261516003     
   3.3679999999999999       -2.8336967515797209     
   3.3719999999999999       -2.8882218573316125     
   3.3759999999999999       -2.9425174889565624     
   3.3799999999999999       -2.9965814033761489     
   3.3839999999999999       -3.0504113689976453     
   3.3879999999999999       -3.1040051658274743     
   3.3919999999999999       -3.1573605855845965     
   3.3959999999999999       -3.2104754318139808     
   3.3999999999999999       -3.2633475199999964     
   3.4039999999999999       -3.3159746776798729     
   3.4079999999999999       -3.3683547445570912     
   3.4119999999999999       -3.4204855726148575     
   3.4159999999999999       -3.4723650262294825     
   3.4199999999999999       -3.5239909822838480     
   3.4239999999999999       -3.5753613302808098     
   3.4279999999999999       -3.6264739724566413     
   3.4319999999999999       -3.6773268238944485     
   3.4359999999999999       -3.7279178126376102     
   3.4399999999999999       -3.7782448798031982     
   3.4440000000000000       -3.8283059796954060     
   3.4480000000000000       -3.8780990799189743     
   3.4520000000000000       -3.9276221614926317     
   3.4560000000000000       -3.9768732189625027     
   3.4600000000000000       -4.0258502605155506     
   3.4640000000000000       -4.0745513080929960     
   3.4680000000000000       -4.1229743975037598     
   3.4720000000000000       -4.1711175785378654     
   3.4760000000000000       -4.2189789150798962     
   3.4800000000000000       -4.2665564852223996     
   3.4840000000000000       -4.3138483813793265     
   3.4880000000000000       -4.3608527103994499     
   3.4920000000000000       -4.4075675936798104     
   3.4960000000000000       -4.4539911672791348     
   3.5000000000000000       -4.5001215820312472     
   3.5040000000000000       -4.5459570036585255     
   3.5080000000000000       -4.5914956128853062     
   3.5120000000000000       -4.6367356055513316     
   3.5160000000000000       -4.6816751927251570     
   3.5200000000000000       -4.7263126008176002     
   3.5240000000000000       -4.7706460716951424     
   3.5280000000000000       -4.8146738627933949     
   3.5320000000000000       -4.8583942472304811     
   3.5360000000000000       -4.9018055139205075     
   3.5400000000000000       -4.9449059676869460     
   3.5440000000000000       -4.9876939293761202     
   3.5480000000000000       -5.0301677359705668     
   3.5520000000000000       -5.0723257407025271     
   3.5560000000000000       -5.1141663131673134     
   3.5600000000000001       -5.1556878394367995     
   3.5640000000000001       -5.1968887221727895     
   3.5680000000000001       -5.2377673807404950     
   3.5720000000000001       -5.2783222513219199     
   3.5760000000000001       -5.3185517870293317     
   3.5800000000000001       -5.3584544580186506     
   3.5840000000000001       -5.3980287516028991     
   3.5880000000000001       -5.4372731723656234     
   3.5920000000000001       -5.4761862422743270     
   3.5960000000000001       -5.5147665007938915     
   3.6000000000000001       -5.5530125050000017     
   3.6040000000000001       -5.5909228296925795     
   3.6080000000000001       -5.6284960675092215     
   3.6120000000000001       -5.6657308290386084     
   3.6160000000000001       -5.7026257429339298     
   3.6200000000000001       -5.7391794560263492     
   3.6240000000000001       -5.7753906334383789     
   3.6280000000000001       -5.8112579586973503     
   3.6320000000000001       -5.8467801338488137     
   3.6360000000000001       -5.8819558795699995     
   3.6400000000000001       -5.9167839352831990     
   3.6440000000000001       -5.9512630592692339     
   3.6480000000000001       -5.9853920287808613     
   3.6520000000000001       -6.0191696401562220     
   3.6560000000000001       -6.0525947089322294     
   3.6600000000000001       -6.0856660699580480     
   3.6640000000000001       -6.1183825775084824     
   3.6680000000000001       -6.1507431053974280     
   3.6720000000000002       -6.1827465470912770     
   3.6760000000000002       -6.2143918158223661     
   3.6800000000000002       -6.2456778447023984     
   3.6840000000000002       -6.2766035868358747     
   3.6880000000000002       -6.3071680154334953     
   3.6920000000000002       -6.3373701239256430     
   3.6960000000000002       -6.3672089260757456     
   3.7000000000000002       -6.3966834560937480     
   3.7040000000000002       -6.4257927687495311     
   3.7080000000000002       -6.4545359394863357     
   3.7120000000000002       -6.4829120645341769     
   3.7160000000000002       -6.5109202610233075     
   3.7200000000000002       -6.5385596670975987     
   3.7240000000000002       -6.5658294420280150     
   3.7280000000000002       -6.5927287663259984     
   3.7320000000000002       -6.6192568418569504     
   3.7360000000000002       -6.6454128919535913     
   3.7400000000000002       -6.6711961615294486     
   3.7440000000000002       -6.6966059171922447     
   3.7480000000000002       -6.7216414473573582     
   3.7520000000000002       -6.7463020623612140     
   3.7560000000000002       -6.7705870945747400     
   3.7600000000000002       -6.7944958985168000     
   3.7640000000000002       -6.8180278509675780     
   3.7680000000000002       -6.8411823510820629     
   3.7720000000000002       -6.8639588205034263     
   3.7760000000000002       -6.8863567034764959     
   3.7800000000000002       -6.9083754669611475     
   3.7840000000000003       -6.9300146007457455     
   3.7880000000000003       -6.9512736175605712     
   3.7920000000000003       -6.9721520531912571     
   3.7960000000000003       -6.9926494665921997     
   3.8000000000000003       -7.0127654399999981     
   3.8040000000000003       -7.0324995790468865     
   3.8080000000000003       -7.0518515128741486     
   3.8120000000000003       -7.0708208942455535     
   3.8159999999999998       -7.0894073996607778     
   3.8199999999999998       -7.1076107294688509     
   3.8239999999999998       -7.1254306079815457     
   3.8279999999999998       -7.1428667835868564     
   3.8319999999999999       -7.1599190288623813     
   3.8359999999999999       -7.1765871406887882     
   3.8399999999999999       -7.1928709403632016     
   3.8439999999999999       -7.2087702737126644     
   3.8479999999999999       -7.2242850112075496     
   3.8519999999999999       -7.2394150480750028     
   3.8559999999999999       -7.2541603044123564     
   3.8599999999999999       -7.2685207253005428     
   3.8639999999999999       -7.2824962809175720     
   3.8679999999999999       -7.2960869666518899     
   3.8719999999999999       -7.3092928032158779     
   3.8759999999999999       -7.3221138367592324     
   3.8799999999999999       -7.3345501389823964     
   3.8839999999999999       -7.3466018072500194     
   3.8879999999999999       -7.3582689647043482     
   3.8919999999999999       -7.3695517603786671     
   3.8959999999999999       -7.3804503693107479     
   3.8999999999999999       -7.3909649926562464     
   3.9039999999999999       -7.4010958578021384     
   3.9079999999999999       -7.4108432184801583     
   3.9119999999999999       -7.4202073548802279     
   3.9159999999999999       -7.4291885737638514     
   3.9199999999999999       -7.4377872085775971     
   3.9239999999999999       -7.4460036195664756     
   3.9279999999999999       -7.4538381938874112     
   3.9319999999999999       -7.4612913457226187     
   3.9359999999999999       -7.4683635163930813     
   3.9399999999999999       -7.4750551744719482     
   3.9440000000000000       -7.4813668158979727     
   3.9480000000000000       -7.4872989640889447     
   3.9520000000000000       -7.4928521700551025     
   3.9560000000000000       -7.4980270125125692     
   3.9600000000000000       -7.5028240979967968     
   3.9640000000000000       -7.5072440609759674     
   3.9680000000000000       -7.5112875639644239     
   3.9720000000000000       -7.5149552976361340     
   3.9760000000000000       -7.5182479809380647     
   3.9800000000000000       -7.5211663612036439     
   3.9840000000000000       -7.5237112142661928     
   3.9880000000000000       -7.5258833445723159     
   3.9920000000000000       -7.5276835852953798     
   3.9960000000000000       -7.5291127984488995     
   4.0000000000000000       -7.5301718749999935     
   4.0039999999999996       -7.5308617349827944     
   4.0080000000000000       -7.5311833276118740     
   4.0120000000000005       -7.5311376313956995     
   4.0160000000000000       -7.5307256542500269     
   4.0199999999999996       -7.5299484336113416     
   4.0240000000000000       -7.5288070365503117     
   4.0280000000000005       -7.5273025598851540     
   4.0320000000000000       -7.5254361302951462     
   4.0359999999999996       -7.5232089044339752     
   4.0400000000000000       -7.5206220690431920     
   4.0440000000000005       -7.5176768410656791     
   4.0480000000000000       -7.5143744677590352     
   4.0519999999999996       -7.5107162268089951     
   4.0560000000000000       -7.5067034264428809     
   4.0600000000000005       -7.5023374055430487     
   4.0640000000000001       -7.4976195337602523     
   4.0679999999999996       -7.4925512116271644     
   4.0720000000000001       -7.4871338706716930     
   4.0760000000000005       -7.4813689735304933     
   4.0800000000000001       -7.4752580140623905     
   4.0839999999999996       -7.4688025174617696     
   4.0880000000000001       -7.4620040403719887     
   4.0920000000000005       -7.4548641709989028     
   4.0960000000000001       -7.4473845292241627     
   4.0999999999999996       -7.4395667667187482     
   4.1040000000000001       -7.4314125670563502     
   4.1080000000000005       -7.4229236458267849     
   4.1120000000000001       -7.4141017507494755     
   4.1159999999999997       -7.4049486617867970     
   4.1200000000000001       -7.3954661912575954     
   4.1240000000000006       -7.3856561839505446     
   4.1280000000000001       -7.3755205172376215     
   4.1319999999999997       -7.3650611011874840     
   4.1360000000000001       -7.3542798786789660     
   4.1400000000000006       -7.3431788255144443     
   4.1440000000000001       -7.3317599505333000     
   4.1479999999999997       -7.3200252957253333     
   4.1520000000000001       -7.3079769363441791     
   4.1560000000000006       -7.2956169810208014     
   4.1600000000000001       -7.2829475718767966     
   4.1639999999999997       -7.2699708846379529     
   4.1680000000000001       -7.2566891287475972     
   4.1720000000000006       -7.2431045474800335     
   4.1760000000000002       -7.2292194180540363     
   4.1799999999999997       -7.2150360517461536     
   4.1840000000000002       -7.2005567940042337     
   4.1880000000000006       -7.1857840245608600     
   4.1920000000000002       -7.1707201575467092     
   4.1959999999999997       -7.1553676416040126     
   4.2000000000000002       -7.1397289600000011     
   4.2040000000000006       -7.1238066307402956     
   4.2080000000000002       -7.1076032066824109     
   4.2119999999999997       -7.0911212756490478     
   4.2160000000000002       -7.0743634605416723     
   4.2200000000000006       -7.0573324194538394     
   4.2240000000000002       -7.0400308457846705     
   4.2279999999999998       -7.0224614683522688     
   4.2320000000000002       -7.0046270515071107     
   4.2360000000000007       -6.9865303952455555     
   4.2400000000000002       -6.9681743353231997     
   4.2439999999999998       -6.9495617433683101     
   4.2480000000000002       -6.9306955269953168     
   4.2520000000000007       -6.9115786299181767     
   4.2560000000000002       -6.8922140320638068     
   4.2599999999999998       -6.8726047496855482     
   4.2640000000000002       -6.8527538354765358     
   4.2680000000000007       -6.8326643786832264     
   4.2720000000000002       -6.8123395052186932     
   4.2759999999999998       -6.7917823777761619     
   4.2800000000000002       -6.7709961959423968     
   4.2840000000000007       -6.7499841963111109     
   4.2880000000000003       -6.7287496525964325     
   4.2919999999999998       -6.7072958757463272     
   4.2960000000000003       -6.6856262140559632     
   4.3000000000000007       -6.6637440532812402     
   4.3040000000000003       -6.6416528167521509     
   4.3079999999999998       -6.6193559654862142     
   4.3120000000000003       -6.5968569983019201     
   4.3160000000000007       -6.5741594519321467     
   4.3200000000000003       -6.5512669011375912     
   4.3239999999999998       -6.5281829588202083     
   4.3280000000000003       -6.5049112761366228     
   4.3319999999999999       -6.4814555426115561     
   4.3360000000000003       -6.4578194862512479     
   4.3399999999999999       -6.4340068736569460     
   4.3439999999999994       -6.4100215101382343     
   4.3479999999999999       -6.3858672398265135     
   4.3520000000000003       -6.3615479457884732     
   4.3559999999999999       -6.3370675501394267     
   4.3599999999999994       -6.3124300141568028     
   4.3639999999999999       -6.2876393383935323     
   4.3680000000000003       -6.2626995627915569     
   4.3719999999999999       -6.2376147667951436     
   4.3759999999999994       -6.2123890694643986     
   4.3799999999999999       -6.1870266295886420     
   4.3840000000000003       -6.1615316457998848     
   4.3879999999999999       -6.1359083566862083     
   4.3919999999999995       -6.1101610409052380     
   4.3959999999999999       -6.0842940172975126     
   4.4000000000000004       -6.0583116449999856     
   4.4039999999999999       -6.0322183235594089     
   4.4079999999999995       -6.0060184930457332     
   4.4119999999999999       -5.9797166341655945     
   4.4160000000000004       -5.9533172683757236     
   4.4199999999999999       -5.9268249579963417     
   4.4239999999999995       -5.9002443063246517     
   4.4279999999999999       -5.8735799577481753     
   4.4320000000000004       -5.8468365978582817     
   4.4359999999999999       -5.8200189535635474     
   4.4399999999999995       -5.7931317932032016     
   4.4440000000000000       -5.7661799266605378     
   4.4480000000000004       -5.7391682054764122     
   4.4520000000000000       -5.7121015229625733     
   4.4559999999999995       -5.6849848143151505     
   4.4600000000000000       -5.6578230567280432     
   4.4640000000000004       -5.6306212695064293     
   4.4680000000000000       -5.6033845141800924     
   4.4719999999999995       -5.5761178946169121     
   4.4760000000000000       -5.5488265571362234     
   4.4800000000000004       -5.5215156906223939     
   4.4840000000000000       -5.4941905266380662     
   4.4879999999999995       -5.4668563395376832     
   4.4920000000000000       -5.4395184465809479     
   4.4960000000000004       -5.4121822080461648     
   4.5000000000000000       -5.3848530273437518     
   4.5039999999999996       -5.3575363511295624     
   4.5080000000000000       -5.3302376694184499     
   4.5120000000000005       -5.3029625156975673     
   4.5160000000000000       -5.2757164670398833     
   4.5199999999999996       -5.2485051442176047     
   4.5240000000000000       -5.2213342118154813     
   4.5280000000000005       -5.1942093783444303     
   4.5320000000000000       -5.1671363963548185     
   4.5359999999999996       -5.1401210625499463     
   4.5400000000000000       -5.1131692178994435     
   4.5440000000000005       -5.0862867477527427     
   4.5480000000000000       -5.0594795819525107     
   4.5519999999999996       -5.0327536949479619     
   4.5560000000000000       -5.0061151059084548     
   4.5600000000000005       -4.9795698788367844     
   4.5640000000000001       -4.9531241226827252     
   4.5679999999999996       -4.9267839914563343     
   4.5720000000000001       -4.9005556843414553     
   4.5760000000000005       -4.8744454458091564     
   4.5800000000000001       -4.8484595657311456     
   4.5839999999999996       -4.8226043794931392     
   4.5880000000000001       -4.7968862681083628     
   4.5920000000000005       -4.7713116583309532     
   4.5960000000000001       -4.7458870227694163     
   4.5999999999999996       -4.7206188799999964     
   4.6040000000000001       -4.6955137946801067     
   4.6080000000000005       -4.6705783776618510     
   4.6120000000000001       -4.6458192861053469     
   4.6159999999999997       -4.6212432235921739     
   4.6200000000000001       -4.5968569402388457     
   4.6240000000000006       -4.5726672328101952     
   4.6280000000000001       -4.5486809448328867     
   4.6319999999999997       -4.5249049667086485     
   4.6360000000000001       -4.5013462358279366     
   4.6400000000000006       -4.4780117366831949     
   4.6440000000000001       -4.4549085009823610     
   4.6479999999999997       -4.4320436077622922     
   4.6520000000000001       -4.4094241835021606     
   4.6560000000000006       -4.3870574022368700     
   4.6600000000000001       -4.3649504856705281     
   4.6639999999999997       -4.3431107032899305     
   4.6680000000000001       -4.3215453724777628     
   4.6720000000000006       -4.3002618586263122     
   4.6760000000000002       -4.2792675752506817     
   4.6799999999999997       -4.2585699841023992     
   4.6840000000000002       -4.2381765952825976     
   4.6880000000000006       -4.2180949673557251     
   4.6920000000000002       -4.1983327074627734     
   4.6959999999999997       -4.1788974714347695     
   4.7000000000000002       -4.1597969639062384     
   4.7040000000000006       -4.1410389384285651     
   4.7080000000000002       -4.1226311975834715     
   4.7119999999999997       -4.1045815930964213     
   4.7160000000000002       -4.0868980259500400     
   4.7200000000000006       -4.0695884464975958     
   4.7240000000000002       -4.0526608545763363     
   4.7279999999999998       -4.0361232996210354     
   4.7320000000000002       -4.0199838807772856     
   4.7360000000000007       -4.0042507470150213     
   4.7400000000000002       -3.9889320972419533     
   4.7439999999999998       -3.9740361804168938     
   4.7480000000000002       -3.9595712956632916     
   4.7520000000000007       -3.9455457923826209     
   4.7560000000000002       -3.9319680703678692     
   4.7599999999999998       -3.9188465799167957     
   4.7640000000000002       -3.9061898219455014     
   4.7680000000000007       -3.8940063481018949     
   4.7720000000000002       -3.8823047608789576     
   4.7759999999999998       -3.8710937137283334     
   4.7800000000000002       -3.8603819111736257     
   4.7840000000000007       -3.8501781089239646     
   4.7880000000000003       -3.8404911139873192     
   4.7919999999999998       -3.8313297847838967     
   4.7960000000000003       -3.8227030312597421     
   4.8000000000000007       -3.8146198149999844     
   4.8040000000000003       -3.8070891493424099     
   4.8079999999999998       -3.8001200994907940     
   4.8120000000000003       -3.7937217826282836     
   4.8160000000000007       -3.7879033680310066     
   4.8200000000000003       -3.7826740771813316     
   4.8239999999999998       -3.7780431838813815     
   4.8280000000000003       -3.7740200143663856     
   4.8320000000000007       -3.7706139474182176     
   4.8360000000000003       -3.7678344144787221     
   4.8399999999999999       -3.7656908997631975     
   4.8439999999999994       -3.7641929403738059     
   4.8479999999999999       -3.7633501264129716     
   4.8520000000000003       -3.7631721010969414     
   4.8559999999999999       -3.7636685608689815     
   4.8599999999999994       -3.7648492555130355     
   4.8639999999999999       -3.7667239882670076     
   4.8680000000000003       -3.7693026159362244     
   4.8719999999999999       -3.7725950490069291     
   4.8759999999999994       -3.7766112517595589     
   4.8799999999999999       -3.7813612423823821     
   4.8840000000000003       -3.7868550930847453     
   4.8879999999999999       -3.7931029302105861     
   4.8919999999999995       -3.8001149343517922     
   4.8959999999999999       -3.8079013404617674     
   4.9000000000000004       -3.8164724379687494     
   4.9039999999999999       -3.8258385708891796     
   4.9079999999999995       -3.8360101379412814     
   4.9119999999999999       -3.8469975926584752     
   4.9160000000000004       -3.8588114435025815     
   4.9199999999999999       -3.8714622539775894     
   4.9239999999999995       -3.8849606427428047     
   4.9279999999999999       -3.8993172837264396     
   4.9320000000000004       -3.9145429062389514     
   4.9359999999999999       -3.9306482950865136     
   4.9399999999999995       -3.9476442906844285     
   4.9440000000000000       -3.9655417891706159     
   4.9480000000000004       -3.9843517425188781     
   4.9520000000000000       -4.0040851586525283     
   4.9559999999999995       -4.0247531015576978     
   4.9600000000000000       -4.0463666913967860     
   4.9640000000000004       -4.0689371046219014     
   4.9680000000000000       -4.0924755740882572     
   4.9719999999999995       -4.1169933891676713     
   4.9760000000000000       -4.1425018958619022     
   4.9800000000000004       -4.1690124969161468     
   4.9840000000000000       -4.1965366519324228     
   4.9879999999999995       -4.2250858774830373     
   4.9920000000000000       -4.2546717472240241     
   4.9960000000000004       -4.2853058920084584     
   5.0000000000000000       -4.3169999999999931     
