   1.0000000000000000        1.0000000000000000     
   1.0069999999999999       0.96060802707500059     
   1.0140000000000000       0.92146511659999997     
   1.0209999999999999       0.88257078102500053     
   1.0280000000000000       0.84392453279999979     
   1.0349999999999999       0.80552588437500050     
   1.0420000000000000       0.76737434819999972     
   1.0489999999999999       0.72946943672500042     
   1.0560000000000000       0.69181066239999978     
   1.0629999999999999       0.65439753767500031     
   1.0700000000000001       0.61722957499999964     
   1.0770000000000000       0.58030628682500018     
   1.0840000000000001       0.54362718559999967     
   1.0910000000000000       0.50719178377500018     
   1.0980000000000001       0.47099959379999956     
   1.1050000000000000       0.43505012812500010     
   1.1120000000000001       0.39934289919999955     
   1.1190000000000000       0.36387741947500007     
   1.1259999999999999       0.32865320140000054     
   1.1330000000000000       0.29366975742499990     
   1.1400000000000001       0.25892659999999934     
   1.1470000000000000       0.22442324157499993     
   1.1539999999999999       0.19015919460000041     
   1.1610000000000000       0.15613397152499975     
   1.1679999999999999       0.12234708480000045     
   1.1750000000000000        8.8798046874999592E-002
   1.1819999999999999        5.5486370200000246E-002
   1.1890000000000001        2.2411567224999818E-002
   1.1960000000000000       -1.0426849599999954E-002
   1.2030000000000001       -4.3029367825000220E-002
   1.2100000000000000       -7.5396474999999796E-002
   1.2170000000000001      -0.10752865867500039     
   1.2240000000000000      -0.13942640639999992     
   1.2310000000000001      -0.17109020572500033     
   1.2380000000000000      -0.20252054419999976     
   1.2450000000000001      -0.23371790937500059     
   1.2520000000000000      -0.26468278879999985     
   1.2589999999999999      -0.29541567002499947     
   1.2660000000000000      -0.32591704060000004     
   1.2730000000000001      -0.35618738807500061     
   1.2800000000000000      -0.38622720000000021     
   1.2869999999999999      -0.41603696392499945     
   1.2940000000000000      -0.44561716740000024     
   1.3009999999999999      -0.47496829797499984     
   1.3080000000000001      -0.50409084320000042     
   1.3149999999999999      -0.53298529062499966     
   1.3220000000000001      -0.56165212780000040     
   1.3290000000000000      -0.59009184227499989     
   1.3360000000000001      -0.61830492160000028     
   1.3430000000000000      -0.64629185332499994     
   1.3500000000000001      -0.67405312500000036     
   1.3570000000000000      -0.70158922417499969     
   1.3639999999999999      -0.72890063839999986     
   1.3710000000000000      -0.75598785522500012     
   1.3780000000000001      -0.78285136220000062     
   1.3850000000000000      -0.80949164687500019     
   1.3919999999999999      -0.83590919679999964     
   1.3990000000000000      -0.86210449952500023     
   1.4060000000000001      -0.88807804260000034     
   1.4130000000000000      -0.91383031357499966     
   1.4199999999999999      -0.93936179999999947     
   1.4270000000000000      -0.96467298942499990     
   1.4339999999999999      -0.98976436939999934     
   1.4410000000000001       -1.0146364274750002     
   1.4480000000000000       -1.0392896511999998     
   1.4550000000000001       -1.0637245281250003     
   1.4620000000000000       -1.0879415457999997     
   1.4690000000000001       -1.1119411917750006     
   1.4760000000000000       -1.1357239535999994     
   1.4830000000000001       -1.1592903188250001     
   1.4900000000000000       -1.1826407749999999     
   1.4969999999999999       -1.2057758096749995     
   1.5040000000000000       -1.2286959103999999     
   1.5110000000000001       -1.2514015647250005     
   1.5180000000000000       -1.2738932602000004     
   1.5249999999999999       -1.2961714843749998     
   1.5320000000000000       -1.3182367248000002     
   1.5390000000000001       -1.3400894690250005     
   1.5460000000000000       -1.3617302046000002     
   1.5529999999999999       -1.3831594190750001     
   1.5600000000000001       -1.4043776000000006     
   1.5670000000000002       -1.4253852349250007     
   1.5740000000000001       -1.4461828114000004     
   1.5810000000000000       -1.4667708169750000     
   1.5880000000000001       -1.4871497392000004     
   1.5950000000000000       -1.5073200656249996     
   1.6019999999999999       -1.5272822837999995     
   1.6090000000000000       -1.5470368812749995     
   1.6160000000000001       -1.5665843456000004     
   1.6230000000000000       -1.5859251643250003     
   1.6299999999999999       -1.6050598249999997     
   1.6370000000000000       -1.6239888151749997     
   1.6440000000000001       -1.6427126223999999     
   1.6510000000000000       -1.6612317342250003     
   1.6579999999999999       -1.6795466381999997     
   1.6650000000000000       -1.6976578218750000     
   1.6720000000000002       -1.7155657728000007     
   1.6790000000000000       -1.7332709785250007     
   1.6859999999999999       -1.7507739265999995     
   1.6930000000000001       -1.7680751045749998     
   1.7000000000000002       -1.7851750000000002     
   1.7069999999999999       -1.8020741004249996     
   1.7140000000000000       -1.8187728934000003     
   1.7210000000000001       -1.8352718664750003     
   1.7280000000000000       -1.8515715072000001     
   1.7349999999999999       -1.8676723031249995     
   1.7420000000000000       -1.8835747418000000     
   1.7490000000000001       -1.8992793107750003     
   1.7560000000000000       -1.9147864975999997     
   1.7629999999999999       -1.9300967898249999     
   1.7700000000000000       -1.9452106750000002     
   1.7770000000000001       -1.9601286406750003     
   1.7840000000000000       -1.9748511744000004     
   1.7909999999999999       -1.9893787637250000     
   1.7980000000000000       -2.0037118962000000     
   1.8050000000000002       -2.0178510593750003     
   1.8120000000000001       -2.0317967407999999     
   1.8190000000000000       -2.0455494280249997     
   1.8260000000000001       -2.0591096086000000     
   1.8330000000000000       -2.0724777700749999     
   1.8399999999999999       -2.0856543999999997     
   1.8470000000000000       -2.0986399859249998     
   1.8540000000000001       -2.1114350154000001     
   1.8610000000000000       -2.1240399759749997     
   1.8679999999999999       -2.1364553551999999     
   1.8750000000000000       -2.1486816406250000     
   1.8820000000000001       -2.1607193198000005     
   1.8890000000000000       -2.1725688802750001     
   1.8959999999999999       -2.1842308095999998     
   1.9030000000000000       -2.1957055953250002     
   1.9100000000000001       -2.2069937250000002     
   1.9170000000000000       -2.2180956861750003     
   1.9239999999999999       -2.2290119663999999     
   1.9310000000000000       -2.2397430532250002     
   1.9380000000000002       -2.2502894342000004     
   1.9450000000000001       -2.2606515968750003     
   1.9520000000000000       -2.2708300287999998     
   1.9590000000000001       -2.2808252175250003     
   1.9660000000000000       -2.2906376506000004     
   1.9729999999999999       -2.3002678155749998     
   1.9800000000000000       -2.3097162000000004     
   1.9870000000000001       -2.3189832914249999     
   1.9940000000000000       -2.3280695774000000     
   2.0010000000000003       -2.3369755454750001     
   2.0080000000000000       -2.3457016832000002     
   2.0150000000000001       -2.3542484781250002     
   2.0220000000000002       -2.3626164178000004     
   2.0289999999999999       -2.3708059897750000     
   2.0360000000000000       -2.3788176816000002     
   2.0430000000000001       -2.3866519808250000     
   2.0499999999999998       -2.3943093749999997     
   2.0569999999999999       -2.4017903516749999     
   2.0640000000000001       -2.4090953983999999     
   2.0709999999999997       -2.4162250027249996     
   2.0780000000000003       -2.4231796522000004     
   2.0850000000000000       -2.4299598343750000     
   2.0920000000000001       -2.4365660368000004     
   2.0990000000000002       -2.4429987470250003     
   2.1059999999999999       -2.4492584526000001     
   2.1130000000000000       -2.4553456410750001     
   2.1200000000000001       -2.4612608000000002     
   2.1269999999999998       -2.4670044169250001     
   2.1340000000000003       -2.4725769794000003     
   2.1410000000000000       -2.4779789749749996     
   2.1480000000000001       -2.4832108912000002     
   2.1550000000000002       -2.4882732156250000     
   2.1619999999999999       -2.4931664358000001     
   2.1690000000000000       -2.4978910392749998     
   2.1760000000000002       -2.5024475136000000     
   2.1829999999999998       -2.5068363463250001     
   2.1899999999999999       -2.5110580249999996     
   2.1970000000000001       -2.5151130371749999     
   2.2039999999999997       -2.5190018703999995     
   2.2110000000000003       -2.5227250122250000     
   2.2180000000000000       -2.5262829501999997     
   2.2250000000000001       -2.5296761718750003     
   2.2320000000000002       -2.5329051648000003     
   2.2389999999999999       -2.5359704165250001     
   2.2460000000000000       -2.5388724146000001     
   2.2530000000000001       -2.5416116465749998     
   2.2599999999999998       -2.5441885999999996     
   2.2670000000000003       -2.5466037624249998     
   2.2740000000000000       -2.5488576213999998     
   2.2809999999999997       -2.5509506644749997     
   2.2880000000000003       -2.5528833791999999     
   2.2949999999999999       -2.5546562531250006     
   2.3020000000000000       -2.5562697738000000     
   2.3090000000000002       -2.5577244287750003     
   2.3159999999999998       -2.5590207056000001     
   2.3230000000000000       -2.5601590918250001     
   2.3300000000000001       -2.5611400750000000     
   2.3369999999999997       -2.5619641426750004     
   2.3440000000000003       -2.5626317824000000     
   2.3510000000000000       -2.5631434817250001     
   2.3580000000000001       -2.5634997282000000     
   2.3650000000000002       -2.5637010093749999     
   2.3719999999999999       -2.5637478128000000     
   2.3790000000000000       -2.5636406260249998     
   2.3860000000000001       -2.5633799365999996     
   2.3929999999999998       -2.5629662320750004     
   2.4000000000000004       -2.5623999999999993     
   2.4070000000000000       -2.5616817279249999     
   2.4139999999999997       -2.5608119033999999     
   2.4210000000000003       -2.5597910139749995     
   2.4279999999999999       -2.5586195471999997     
   2.4350000000000001       -2.5572979906249995     
   2.4420000000000002       -2.5558268317999997     
   2.4489999999999998       -2.5542065582749998     
   2.4560000000000000       -2.5524376575999996     
   2.4630000000000001       -2.5505206173250006     
   2.4699999999999998       -2.5484559249999998     
   2.4770000000000003       -2.5462440681749996     
   2.4840000000000000       -2.5438855344000002     
   2.4910000000000001       -2.5413808112249998     
   2.4980000000000002       -2.5387303861999997     
   2.5049999999999999       -2.5359347468749998     
   2.5120000000000000       -2.5329943808000004     
   2.5190000000000001       -2.5299097755250002     
   2.5259999999999998       -2.5266814186000004     
   2.5330000000000004       -2.5233097975750001     
   2.5400000000000000       -2.5197954000000000     
   2.5469999999999997       -2.5161387134250002     
   2.5540000000000003       -2.5123402253999996     
   2.5609999999999999       -2.5084004234749999     
   2.5680000000000001       -2.5043197951999998     
   2.5750000000000002       -2.5000988281250001     
   2.5819999999999999       -2.4957380097999997     
   2.5890000000000000       -2.4912378277750000     
   2.5960000000000001       -2.4865987695999996     
   2.6029999999999998       -2.4818213228250001     
   2.6100000000000003       -2.4769059749999998     
   2.6170000000000000       -2.4718532136750002     
   2.6240000000000001       -2.4666635263999996     
   2.6310000000000002       -2.4613374007250002     
   2.6379999999999999       -2.4558753242000000     
   2.6450000000000000       -2.4502777843749999     
   2.6520000000000001       -2.4445452687999998     
   2.6589999999999998       -2.4386782650250001     
   2.6659999999999999       -2.4326772605999998     
   2.6730000000000000       -2.4265427430750002     
   2.6799999999999997       -2.4202752000000007     
   2.6870000000000003       -2.4138751189249996     
   2.6940000000000000       -2.4073429874000003     
   2.7010000000000001       -2.4006792929750000     
   2.7080000000000002       -2.3938845231999997     
   2.7149999999999999       -2.3869591656250000     
   2.7220000000000000       -2.3799037078000000     
   2.7290000000000001       -2.3727186372749998     
   2.7359999999999998       -2.3654044416000000     
   2.7430000000000003       -2.3579616083249997     
   2.7500000000000000       -2.3503906249999997     
   2.7570000000000001       -2.3426919791750000     
   2.7640000000000002       -2.3348661583999997     
   2.7709999999999999       -2.3269136502250003     
   2.7780000000000000       -2.3188349422000001     
   2.7850000000000001       -2.3106305218749998     
   2.7919999999999998       -2.3023008768000004     
   2.7989999999999999       -2.2938464945249999     
   2.8060000000000000       -2.2852678626000000     
   2.8129999999999997       -2.2765654685750003     
   2.8200000000000003       -2.2677397999999998     
   2.8270000000000000       -2.2587913444250001     
   2.8340000000000001       -2.2497205893999999     
   2.8410000000000002       -2.2405280224749995     
   2.8479999999999999       -2.2312141312000002     
   2.8550000000000000       -2.2217794031249998     
   2.8620000000000001       -2.2122243257999998     
   2.8689999999999998       -2.2025493867750003     
   2.8760000000000003       -2.1927550735999994     
   2.8830000000000000       -2.1828418738250002     
   2.8900000000000001       -2.1728102749999998     
   2.8970000000000002       -2.1626607646749996     
   2.9039999999999999       -2.1523938304000003     
   2.9110000000000000       -2.1420099597249997     
   2.9180000000000001       -2.1315096401999996     
   2.9249999999999998       -2.1208933593750001     
   2.9319999999999999       -2.1101616048000000     
   2.9390000000000001       -2.0993148640249997     
   2.9459999999999997       -2.0883536246000007     
   2.9530000000000003       -2.0772783740749996     
   2.9600000000000000       -2.0660896000000002     
   2.9670000000000001       -2.0547877899249998     
   2.9740000000000002       -2.0433734313999996     
   2.9809999999999999       -2.0318470119750001     
   2.9880000000000000       -2.0202090192000002     
   2.9950000000000001       -2.0084599406249999     
   3.0020000000000002       -1.9966002637999996     
   3.0089999999999999       -1.9846304762750000     
   3.0160000000000000       -1.9725510655999998     
   3.0230000000000001       -1.9603625193249998     
   3.0300000000000002       -1.9480653249999995     
   3.0369999999999999       -1.9356599701750001     
   3.0440000000000000       -1.9231469423999998     
   3.0510000000000002       -1.9105267292249999     
   3.0579999999999998       -1.8977998182000007     
   3.0649999999999999       -1.8849666968750003     
   3.0720000000000001       -1.8720278528000001     
   3.0790000000000002       -1.8589837735249999     
   3.0859999999999999       -1.8458349466000001     
   3.0930000000000000       -1.8325818595750003     
   3.1000000000000001       -1.8192249999999999     
   3.1070000000000002       -1.8057648554249996     
   3.1139999999999999       -1.7922019134000005     
   3.1210000000000000       -1.7785366614750004     
   3.1280000000000001       -1.7647695872000000     
   3.1350000000000002       -1.7509011781249995     
   3.1419999999999999       -1.7369319218000001     
   3.1490000000000000       -1.7228623057750001     
   3.1560000000000001       -1.7086928175999998     
   3.1630000000000003       -1.6944239448249991     
   3.1699999999999999       -1.6800561749999998     
   3.1770000000000000       -1.6655899956749995     
   3.1840000000000002       -1.6510258943999996     
   3.1909999999999998       -1.6363643587250007     
   3.1980000000000000       -1.6216058762000003     
   3.2050000000000001       -1.6067509343749999     
   3.2120000000000002       -1.5918000207999992     
   3.2189999999999999       -1.5767536230250001     
   3.2260000000000000       -1.5616122286000005     
   3.2330000000000001       -1.5463763250750002     
   3.2400000000000002       -1.5310463999999993     
   3.2469999999999999       -1.5156229409250002     
   3.2540000000000000       -1.5001064354000002     
   3.2610000000000001       -1.4844973709749998     
   3.2680000000000002       -1.4687962351999992     
   3.2749999999999999       -1.4530035156250003     
   3.2820000000000000       -1.4371196997999998     
   3.2890000000000001       -1.4211452752749998     
   3.2960000000000003       -1.4050807295999994     
   3.3029999999999999       -1.3889265503249999     
   3.3100000000000001       -1.3726832249999998     
   3.3170000000000002       -1.3563512411749996     
   3.3239999999999998       -1.3399310864000005     
   3.3310000000000000       -1.3234232482250001     
   3.3380000000000001       -1.3068282141999998     
   3.3450000000000002       -1.2901464718749995     
   3.3519999999999999       -1.2733785088000005     
   3.3590000000000000       -1.2565248125249999     
   3.3660000000000001       -1.2395858705999996     
   3.3730000000000002       -1.2225621705749994     
   3.3799999999999999       -1.2054542000000001     
   3.3870000000000000       -1.1882624464250000     
   3.3940000000000001       -1.1709873973999998     
   3.4010000000000002       -1.1536295404749994     
   3.4079999999999999       -1.1361893632000002     
   3.4150000000000000       -1.1186673531249998     
   3.4220000000000002       -1.1010639977999994     
   3.4290000000000003       -1.0833797847749995     
   3.4359999999999999       -1.0656152016000000     
   3.4430000000000001       -1.0477707358249999     
   3.4500000000000002       -1.0298468749999996     
   3.4569999999999999       -1.0118441066750004     
   3.4640000000000000      -0.99376291840000008     
   3.4710000000000001      -0.97560379772499983     
   3.4780000000000002      -0.95736723219999953     
   3.4849999999999999      -0.93905370937500043     
   3.4920000000000000      -0.92066371680000025     
   3.4990000000000001      -0.90219774202499980     
   3.5060000000000002      -0.88365627259999924     
   3.5129999999999999      -0.86503979607500026     
   3.5200000000000000      -0.84634880000000012     
   3.5270000000000001      -0.82758377192499966     
   3.5340000000000003      -0.80874519939999967     
   3.5409999999999999      -0.78983356997500009     
   3.5480000000000000      -0.77084937119999974     
   3.5550000000000002      -0.75179309062499966     
   3.5619999999999998      -0.73266521580000044     
   3.5690000000000000      -0.71346623427500044     
   3.5760000000000001      -0.69419663359999983     
   3.5830000000000002      -0.67485690132499965     
   3.5899999999999999      -0.65544752500000047     
   3.5970000000000000      -0.63596899217500025     
   3.6040000000000001      -0.61642179039999956     
   3.6110000000000002      -0.59680640722499922     
   3.6179999999999999      -0.57712333020000051     
   3.6250000000000000      -0.55737304687500000     
   3.6320000000000001      -0.53755604479999963     
   3.6390000000000002      -0.51767281152499911     
   3.6459999999999999      -0.49772383460000036     
   3.6530000000000000      -0.47770960157499975     
   3.6600000000000001      -0.45763059999999922     
   3.6670000000000003      -0.43748731742499936     
   3.6739999999999999      -0.41728024140000008     
   3.6810000000000000      -0.39700985947500000     
   3.6880000000000002      -0.37667665919999949     
   3.6949999999999998      -0.35628112812500068     
   3.7020000000000000      -0.33582375380000040     
   3.7090000000000001      -0.31530502377499969     
   3.7160000000000002      -0.29472542559999915     
   3.7229999999999999      -0.27408544682500025     
   3.7300000000000000      -0.25338557499999981     
   3.7370000000000001      -0.23262629767499976     
   3.7440000000000002      -0.21180810239999959     
   3.7509999999999999      -0.19093147672500010     
   3.7580000000000000      -0.16999690820000013     
   3.7650000000000001      -0.14900488437499981     
   3.7720000000000002      -0.12795589279999908     
   3.7789999999999999      -0.10685042102500075     
   3.7860000000000000       -8.5688956600000088E-002
   3.7930000000000001       -6.4471987074999682E-002
   3.8000000000000003       -4.3199999999999461E-002
   3.8069999999999999       -2.1873482925000465E-002
   3.8140000000000001       -4.9292339999973400E-004
   3.8210000000000002        2.0941191025000805E-002
   3.8279999999999998        4.2428372799999448E-002
   3.8350000000000000        6.3968134374999708E-002
   3.8420000000000001        8.5559988200000436E-002
   3.8490000000000002       0.10720344672500104     
   3.8559999999999999       0.12889802239999970     
   3.8630000000000000       0.15064322767500005     
   3.8700000000000001       0.17243857500000026     
   3.8770000000000002       0.19428357682500030     
   3.8839999999999999       0.21617774559999980     
   3.8910000000000000       0.23812059377500017     
   3.8980000000000001       0.26011163380000046     
   3.9050000000000002       0.28215037812500066     
   3.9119999999999999       0.30423633919999948     
   3.9190000000000000       0.32636902947500002     
   3.9260000000000002       0.34854796140000044     
   3.9330000000000003       0.37077264742500071     
   3.9399999999999999       0.39304260000000024     
   3.9470000000000001       0.41535733157499954     
   3.9540000000000002       0.43771635460000013     
   3.9609999999999999       0.46011918152499987     
   3.9680000000000000       0.48256532479999947     
   3.9750000000000001       0.50505429687500014     
   3.9820000000000002       0.52758561020000072     
   3.9889999999999999       0.55015877722499928     
   3.9960000000000000       0.57277331039999968     
   4.0030000000000001       0.59542872217500054     
   4.0099999999999998       0.61812452499999915     
   4.0169999999999995       0.64086023132499781     
   4.0240000000000000       0.66363535360000014     
   4.0310000000000006       0.68644940427500178     
   4.0380000000000003       0.70930189580000058     
   4.0449999999999999       0.73219234062499994     
   4.0519999999999996       0.75512025119999848     
   4.0590000000000002       0.77808513997500017     
   4.0660000000000007       0.80108651940000242     
   4.0730000000000004       0.82412390192500118     
   4.0800000000000001       0.84719679999999975     
   4.0869999999999997       0.87030472607499898     
   4.0939999999999994       0.89344719259999861     
   4.1010000000000000       0.91662371202500015     
   4.1080000000000005       0.93983379680000156     
   4.1150000000000002       0.96307695937500071     
   4.1219999999999999       0.98635271219999976     
   4.1289999999999996        1.0096605677249988     
   4.1360000000000001        1.0330000384000002     
   4.1430000000000007        1.0563706366750023     
   4.1500000000000004        1.0797718750000007     
   4.1570000000000000        1.1032032658249997     
   4.1639999999999997        1.1266643215999994     
   4.1710000000000003        1.1501545547750007     
   4.1779999999999999        1.1736734777999993     
   4.1850000000000005        1.1972206031250019     
   4.1920000000000002        1.2207954432000010     
   4.1989999999999998        1.2443975104749996     
   4.2059999999999995        1.2680263173999982     
   4.2130000000000001        1.2916813764250004     
   4.2200000000000006        1.3153622000000023     
   4.2270000000000003        1.3390683005750010     
   4.2340000000000000        1.3627991906000005     
   4.2409999999999997        1.3865543825249991     
   4.2480000000000002        1.4103333888000003     
   4.2549999999999999        1.4341357218749999     
   4.2620000000000005        1.4579608942000017     
   4.2690000000000001        1.4818084182250002     
   4.2759999999999998        1.5056778063999987     
   4.2829999999999995        1.5295685711749984     
   4.2900000000000000        1.5534802250000004     
   4.2970000000000006        1.5774122803250012     
   4.3040000000000003        1.6013642496000013     
   4.3109999999999999        1.6253356452749996     
   4.3179999999999996        1.6493259797999986     
   4.3250000000000002        1.6733347656250004     
   4.3319999999999999        1.6973615151999999     
   4.3390000000000004        1.7214057409750012     
   4.3460000000000001        1.7454669553999995     
   4.3529999999999998        1.7695446709249993     
   4.3599999999999994        1.7936383999999979     
   4.3670000000000000        1.8177476550749996     
   4.3740000000000006        1.8418719486000026     
   4.3810000000000002        1.8660107930250009     
   4.3879999999999999        1.8901637007999996     
   4.3949999999999996        1.9143301843749980     
   4.4020000000000001        1.9385097562000007     
   4.4090000000000007        1.9627019287250023     
   4.4160000000000004        1.9869062144000011     
   4.4230000000000000        2.0111221256750005     
   4.4299999999999997        2.0353491749999990     
   4.4370000000000003        2.0595868748250004     
   4.4440000000000000        2.0838347376000002     
   4.4510000000000005        2.1080922757750016     
   4.4580000000000002        2.1323590018000003     
   4.4649999999999999        2.1566344281249989     
   4.4719999999999995        2.1809180671999986     
   4.4790000000000001        2.2052094314749997     
   4.4860000000000007        2.2295080334000019     
   4.4930000000000003        2.2538133854250013     
   4.5000000000000000        2.2781249999999997     
   4.5069999999999997        2.3024423895749986     
   4.5140000000000002        2.3267650666000002     
   4.5209999999999999        2.3510925435250005     
   4.5280000000000005        2.3754243328000015     
   4.5350000000000001        2.3997599468749997     
   4.5419999999999998        2.4240988982000005     
   4.5489999999999995        2.4484406992249981     
   4.5560000000000000        2.4727848624000002     
   4.5630000000000006        2.4971309001750028     
   4.5700000000000003        2.5214783250000012     
   4.5770000000000000        2.5458266493249999     
   4.5839999999999996        2.5701753855999985     
   4.5910000000000002        2.5945240462750014     
   4.5979999999999999        2.6188721437999996     
   4.6050000000000004        2.6432191906250013     
   4.6120000000000001        2.6675646992000006     
   4.6189999999999998        2.6919081819749993     
   4.6259999999999994        2.7162491513999978     
   4.6330000000000000        2.7405871199250011     
   4.6400000000000006        2.7649216000000019     
   4.6470000000000002        2.7892521040750005     
   4.6539999999999999        2.8135781445999992     
   4.6609999999999996        2.8378992340249996     
   4.6680000000000001        2.8622148848000002     
   4.6750000000000007        2.8865246093750025     
   4.6820000000000004        2.9108279202000018     
   4.6890000000000001        2.9351243297250003     
   4.6959999999999997        2.9594133503999993     
   4.7030000000000003        2.9836944946750008     
   4.7100000000000000        3.0079672749999995     
   4.7170000000000005        3.0322312038250008     
   4.7240000000000002        3.0564857936000007     
   4.7309999999999999        3.0807305567749999     
   4.7379999999999995        3.1049650057999996     
   4.7450000000000001        3.1291886531249999     
   4.7520000000000007        3.1534010112000033     
   4.7590000000000003        3.1776015924750012     
   4.7660000000000000        3.2017899094000004     
   4.7729999999999997        3.2259654744249979     
   4.7800000000000002        3.2501278000000005     
   4.7869999999999999        3.2742763985749996     
   4.7940000000000005        3.2984107826000018     
   4.8010000000000002        3.3225304645250002     
   4.8079999999999998        3.3466349568000000     
   4.8149999999999995        3.3707237718749981     
   4.8220000000000001        3.3947964221999993     
   4.8290000000000006        3.4188524202250030     
   4.8360000000000003        3.4428912784000003     
   4.8430000000000000        3.4669125091749997     
   4.8499999999999996        3.4909156249999995     
   4.8570000000000002        3.5149001383250007     
   4.8639999999999999        3.5388655615999989     
   4.8710000000000004        3.5628114072750012     
   4.8780000000000001        3.5867371878000007     
   4.8849999999999998        3.6106424156249988     
   4.8919999999999995        3.6345266031999977     
   4.8990000000000000        3.6583892629749997     
   4.9060000000000006        3.6822299074000022     
   4.9130000000000003        3.7060480489249996     
   4.9199999999999999        3.7298431999999995     
   4.9269999999999996        3.7536148730749983     
   4.9340000000000002        3.7773625806000002     
   4.9410000000000007        3.8010858350250030     
   4.9480000000000004        3.8247841488000023     
   4.9550000000000001        3.8484570343750000     
   4.9619999999999997        3.8721040041999988     
   4.9689999999999994        3.8957245707249983     
   4.9760000000000000        3.9193182464000009     
   4.9830000000000005        3.9428845436750004     
   4.9900000000000002        3.9664229750000022     
   4.9969999999999999        3.9899330528250005     
   5.0040000000000004        4.0134142896000009     
   5.0110000000000001        4.0368661977749989     
   5.0179999999999998        4.0602882897999999     
   5.0250000000000004        4.0836800781250018     
   5.0320000000000000        4.1070410751999988     
   5.0389999999999997        4.1303707934749996     
   5.0460000000000003        4.1536687454000010     
   5.0529999999999999        4.1769344434249991     
   5.0600000000000005        4.2001674000000033     
   5.0670000000000002        4.2233671275750018     
   5.0739999999999998        4.2465331385999985     
   5.0810000000000004        4.2696649455249993     
   5.0880000000000001        4.2927620608000003     
   5.0949999999999998        4.3158239968750003     
   5.1020000000000003        4.3388502662000006     
   5.1090000000000000        4.3618403812250017     
   5.1159999999999997        4.3847938543999998     
   5.1230000000000002        4.4077101981750015     
   5.1299999999999999        4.4305889249999986     
   5.1370000000000005        4.4534295473250012     
   5.1440000000000001        4.4762315776000001     
   5.1509999999999998        4.4989945282749986     
   5.1580000000000004        4.5217179118000015     
   5.1650000000000000        4.5444012406250005     
   5.1719999999999997        4.5670440271999988     
   5.1790000000000003        4.5896457839750022     
   5.1859999999999999        4.6122060234000006     
   5.1930000000000005        4.6347242579250008     
   5.2000000000000002        4.6572000000000005     
   5.2069999999999999        4.6796327620750002     
   5.2140000000000004        4.7020220566000024     
   5.2210000000000001        4.7243673960250003     
   5.2279999999999998        4.7466682927999999     
   5.2350000000000003        4.7689242593750016     
   5.2420000000000000        4.7911348081999998     
   5.2489999999999997        4.8132994517250012     
   5.2560000000000002        4.8354177024000009     
   5.2629999999999999        4.8574890726749995     
   5.2700000000000005        4.8795130750000011     
   5.2770000000000001        4.9014892218250008     
   5.2839999999999998        4.9234170255999992     
   5.2910000000000004        4.9452959987750003     
   5.2980000000000000        4.9671256538000002     
   5.3049999999999997        4.9889055031249994     
   5.3120000000000003        5.0106350592000002     
   5.3190000000000000        5.0323138344749987     
   5.3260000000000005        5.0539413414000025     
   5.3330000000000002        5.0755170924250006     
   5.3399999999999999        5.0970405999999997     
   5.3470000000000004        5.1185113765750021     
   5.3540000000000001        5.1399289346000003     
   5.3609999999999998        5.1612927865249976     
   5.3680000000000003        5.1826024448000023     
   5.3750000000000000        5.2038574218750000     
   5.3819999999999997        5.2250572301999991     
   5.3890000000000002        5.2462013822250002     
   5.3959999999999999        5.2672893903999993     
   5.4030000000000005        5.2883207671750005     
   5.4100000000000001        5.3092950249999991     
   5.4169999999999998        5.3302116763250007     
   5.4240000000000004        5.3510702336000024     
   5.4310000000000000        5.3718702092749995     
   5.4379999999999997        5.3926111158000012     
   5.4450000000000003        5.4132924656250010     
   5.4520000000000000        5.4339137712000003     
   5.4590000000000005        5.4544745449750014     
   5.4660000000000002        5.4749742994000021     
   5.4729999999999999        5.4954125469250004     
   5.4800000000000004        5.5157887999999993     
   5.4870000000000001        5.5361025710750011     
   5.4939999999999998        5.5563533725999994     
   5.5010000000000003        5.5765407170250008     
   5.5080000000000000        5.5966641167999986     
   5.5149999999999997        5.6167230843749989     
   5.5220000000000002        5.6367171322000011     
   5.5289999999999999        5.6566457727249997     
   5.5360000000000005        5.6765085184000013     
   5.5430000000000001        5.6963048816750010     
   5.5499999999999998        5.7160343749999996     
   5.5570000000000004        5.7356965108250018     
   5.5640000000000001        5.7552908016000019     
   5.5709999999999997        5.7748167597749980     
   5.5780000000000003        5.7942738978000010     
   5.5850000000000000        5.8136617281250009     
   5.5920000000000005        5.8329797632000009     
   5.5990000000000002        5.8522275154750014     
   5.6059999999999999        5.8714044973999995     
   5.6130000000000004        5.8905102214250027     
   5.6200000000000001        5.9095442000000009     
   5.6269999999999998        5.9285059455750000     
   5.6340000000000003        5.9473949706000022     
   5.6410000000000000        5.9662107875249992     
   5.6479999999999997        5.9849529088000004     
   5.6550000000000002        6.0036208468750019     
   5.6619999999999999        6.0222141142000005     
   5.6690000000000005        6.0407322232250014     
   5.6760000000000002        6.0591746863999996     
   5.6829999999999998        6.0775410161749992     
   5.6900000000000004        6.0958307250000008     
   5.6970000000000001        6.1140433253250013     
   5.7039999999999997        6.1321783296000012     
   5.7110000000000003        6.1502352502750002     
   5.7180000000000000        6.1682135997999996     
   5.7250000000000005        6.1861128906250009     
   5.7320000000000002        6.2039326352000019     
   5.7389999999999999        6.2216723459749987     
   5.7460000000000004        6.2393315354000007     
   5.7530000000000001        6.2569097159250013     
   5.7599999999999998        6.2744063999999993     
   5.7670000000000003        6.2918211000750013     
   5.7740000000000000        6.3091533286000008     
   5.7809999999999997        6.3264025980249992     
   5.7880000000000003        6.3435684207999996     
   5.7949999999999999        6.3606503093749991     
   5.8020000000000005        6.3776477762000008     
   5.8090000000000002        6.3945603337250008     
   5.8159999999999998        6.4113874944000004     
   5.8230000000000004        6.4281287706750003     
   5.8300000000000001        6.4447836750000000     
   5.8369999999999997        6.4613517198249992     
   5.8440000000000003        6.4778324175999993     
   5.8510000000000000        6.4942252807749998     
   5.8580000000000005        6.5105298218000014     
   5.8650000000000002        6.5267455531250009     
   5.8719999999999999        6.5428719871999999     
   5.8790000000000004        6.5589086364750004     
   5.8860000000000001        6.5748550134000006     
   5.8929999999999998        6.5907106304250007     
   5.9000000000000004        6.6064750000000014     
   5.9070000000000000        6.6221476345750006     
   5.9139999999999997        6.6377280465999995     
   5.9210000000000003        6.6532157485250005     
   5.9279999999999999        6.6686102527999989     
   5.9350000000000005        6.6839110718750021     
   5.9420000000000002        6.6991177182000001     
   5.9489999999999998        6.7142297042249997     
   5.9560000000000004        6.7292465424000003     
   5.9630000000000001        6.7441677451750008     
   5.9699999999999998        6.7589928250000009     
   5.9770000000000003        6.7737212943250000     
   5.9840000000000000        6.7883526656000006     
   5.9910000000000005        6.8028864512750022     
   5.9980000000000002        6.8173221638000001     
   6.0049999999999999        6.8316593156250001     
   6.0120000000000005        6.8458974192000008     
   6.0190000000000001        6.8600359869750003     
   6.0259999999999998        6.8740745313999998     
   6.0330000000000004        6.8880125649249990     
   6.0400000000000000        6.9018496000000011     
   6.0469999999999997        6.9155851490749987     
   6.0540000000000003        6.9292187246000010     
   6.0609999999999999        6.9427498390250006     
   6.0680000000000005        6.9561780047999999     
   6.0750000000000002        6.9695027343750011     
   6.0819999999999999        6.9827235402000012     
   6.0890000000000004        6.9958399347250015     
   6.0960000000000001        7.0088514303999983     
   6.1029999999999998        7.0217575396749989     
   6.1100000000000003        7.0345577750000015     
   6.1170000000000000        7.0472516488249992     
   6.1239999999999997        7.0598386736000007     
   6.1310000000000002        7.0723183617750012     
   6.1379999999999999        7.0846902257999993     
   6.1450000000000005        7.0969537781250018     
   6.1520000000000001        7.1091085312000013     
   6.1589999999999998        7.1211539974750000     
   6.1660000000000004        7.1330896894000002     
   6.1730000000000000        7.1449151194250007     
   6.1799999999999997        7.1566298000000002     
   6.1870000000000003        7.1682332435750009     
   6.1940000000000000        7.1797249626000017     
   6.2010000000000005        7.1911044695250022     
   6.2080000000000002        7.2023712768000001     
   6.2149999999999999        7.2135248968749988     
   6.2220000000000004        7.2245648422000022     
   6.2290000000000001        7.2354906252250002     
   6.2359999999999998        7.2463017583999996     
   6.2430000000000003        7.2569977541750008     
   6.2500000000000000        7.2675781250000018     
   6.2569999999999997        7.2780423833249994     
   6.2640000000000002        7.2883900416000005     
   6.2709999999999999        7.2986206122750019     
   6.2780000000000005        7.3087336078000007     
   6.2850000000000001        7.3187285406250000     
   6.2919999999999998        7.3286049231999995     
   6.2990000000000004        7.3383622679750014     
   6.3060000000000000        7.3480000874000000     
   6.3129999999999997        7.3575178939250003     
   6.3200000000000003        7.3669152000000020     
   6.3270000000000000        7.3761915180749993     
   6.3340000000000005        7.3853463606000007     
   6.3410000000000002        7.3943792400250024     
   6.3479999999999999        7.4032896687999994     
   6.3550000000000004        7.4120771593749994     
   6.3620000000000001        7.4207412242000013     
   6.3689999999999998        7.4292813757250009     
   6.3760000000000003        7.4376971263999989     
   6.3830000000000000        7.4459879886750011     
   6.3899999999999997        7.4541534750000018     
   6.3970000000000002        7.4621930978249997     
   6.4039999999999999        7.4701063695999981     
   6.4110000000000005        7.4778928027750027     
   6.4180000000000001        7.4855519097999998     
   6.4249999999999998        7.4930832031249981     
   6.4320000000000004        7.5004861952000006     
   6.4390000000000001        7.5077603984750008     
   6.4459999999999997        7.5149053254000000     
   6.4530000000000003        7.5219204884250006     
   6.4600000000000000        7.5288054000000013     
   6.4670000000000005        7.5355595725750009     
   6.4740000000000002        7.5421825185999989     
   6.4809999999999999        7.5486737505250003     
   6.4880000000000004        7.5550327808000004     
   6.4950000000000001        7.5612591218749987     
   6.5019999999999998        7.5673522862000002     
   6.5090000000000003        7.5733117862250010     
   6.5160000000000000        7.5791371343999998     
   6.5229999999999997        7.5848278431749989     
   6.5300000000000002        7.5903834250000006     
   6.5369999999999999        7.5958033923249992     
   6.5440000000000005        7.6010872576000006     
   6.5510000000000002        7.6062345332749990     
   6.5579999999999998        7.6112447318000012     
   6.5650000000000004        7.6161173656249996     
   6.5720000000000001        7.6208519472000011     
   6.5789999999999997        7.6254479889750009     
   6.5860000000000003        7.6299050034000002     
   6.5930000000000000        7.6342225029249997     
   6.6000000000000005        7.6384000000000007     
   6.6070000000000002        7.6424370070749994     
   6.6139999999999999        7.6463330365999997     
   6.6210000000000004        7.6500876010250014     
   6.6280000000000001        7.6537002128000005     
   6.6349999999999998        7.6571703843750010     
   6.6420000000000003        7.6604976282000008     
   6.6490000000000000        7.6636814567250022     
   6.6559999999999997        7.6667213824000005     
   6.6630000000000003        7.6696169176749986     
   6.6699999999999999        7.6723675750000009     
   6.6770000000000005        7.6749728668250006     
   6.6840000000000002        7.6774323056000000     
   6.6909999999999998        7.6797454037750006     
   6.6980000000000004        7.6819116738000011     
   6.7050000000000001        7.6839306281250010     
   6.7119999999999997        7.6858017791999993     
   6.7190000000000003        7.6875246394750025     
   6.7260000000000000        7.6890987213999997     
   6.7330000000000005        7.6905235374250003     
   6.7400000000000002        7.6917986000000003     
   6.7469999999999999        7.6929234215750011     
   6.7540000000000004        7.6938975145999988     
   6.7610000000000001        7.6947203915250020     
   6.7679999999999998        7.6953915648000031     
   6.7750000000000004        7.6959105468750009     
   6.7820000000000000        7.6962768501999994     
   6.7889999999999997        7.6964899872249992     
   6.7960000000000003        7.6965494703999999     
   6.8029999999999999        7.6964548121749985     
   6.8100000000000005        7.6962055249999999     
   6.8170000000000002        7.6958011213250002     
   6.8239999999999998        7.6952411135999998     
   6.8310000000000004        7.6945250142750004     
   6.8380000000000001        7.6936523358000022     
   6.8449999999999998        7.6926225906250014     
   6.8520000000000003        7.6914352911999977     
   6.8590000000000000        7.6900899499749995     
   6.8660000000000005        7.6885860794000012     
   6.8730000000000002        7.6869231919249996     
   6.8799999999999999        7.6851008000000016     
   6.8870000000000005        7.6831184160750006     
   6.8940000000000001        7.6809755525999996     
   6.9009999999999998        7.6786717220249994     
   6.9080000000000004        7.6762064368000011     
   6.9150000000000000        7.6735792093750010     
   6.9219999999999997        7.6707895521999987     
   6.9290000000000003        7.6678369777250008     
   6.9359999999999999        7.6647209984000009     
   6.9430000000000005        7.6614411266750002     
   6.9500000000000002        7.6579968749999994     
   6.9569999999999999        7.6543877558250024     
   6.9640000000000004        7.6506132816000001     
   6.9710000000000001        7.6466729647750000     
   6.9779999999999998        7.6425663178000010     
   6.9850000000000003        7.6382928531250007     
   6.9920000000000000        7.6338520831999981     
   6.9990000000000006        7.6292435204750007     
   7.0060000000000002        7.6244666774000001     
   7.0129999999999999        7.6195210664250013     
   7.0200000000000005        7.6144061999999986     
   7.0270000000000001        7.6091215905750014     
   7.0339999999999998        7.6036667506000004     
   7.0410000000000004        7.5980411925249980     
   7.0480000000000000        7.5922444288000017     
   7.0549999999999997        7.5862759718750006     
   7.0620000000000003        7.5801353341999986     
   7.0690000000000000        7.5738220282249999     
   7.0760000000000005        7.5673355664000006     
   7.0830000000000002        7.5606754611750011     
   7.0899999999999999        7.5538412250000002     
   7.0970000000000004        7.5468323703249984     
   7.1040000000000001        7.5396484096000016     
   7.1109999999999998        7.5322888552749987     
   7.1180000000000003        7.5247532198000000     
   7.1250000000000000        7.5170410156250016     
   7.1320000000000006        7.5091517551999996     
   7.1390000000000002        7.5010849509750006     
   7.1459999999999999        7.4928401153999999     
   7.1530000000000005        7.4844167609249990     
   7.1600000000000001        7.4758144000000026     
   7.1669999999999998        7.4670325450749999     
   7.1740000000000004        7.4580707086000020     
   7.1810000000000000        7.4489284030249987     
   7.1879999999999997        7.4396051408000012     
   7.1950000000000003        7.4301004343750012     
   7.2020000000000000        7.4204137962000010     
   7.2090000000000005        7.4105447387249992     
   7.2160000000000002        7.4004927743999991     
   7.2229999999999999        7.3902574156750021     
   7.2300000000000004        7.3798381749999988     
   7.2370000000000001        7.3692345648250006     
   7.2439999999999998        7.3584460976000017     
   7.2510000000000003        7.3474722857749990     
   7.2580000000000000        7.3363126418000020     
   7.2650000000000006        7.3249666781249978     
   7.2720000000000002        7.3134339072000003     
   7.2789999999999999        7.3017138414750011     
   7.2860000000000005        7.2898059933999981     
   7.2930000000000001        7.2777098754250007     
   7.2999999999999998        7.2654249999999996     
   7.3070000000000004        7.2529508795749997     
   7.3140000000000001        7.2402870266000026     
   7.3209999999999997        7.2274329535250015     
   7.3280000000000003        7.2143881727999997     
   7.3350000000000000        7.2011521968750003     
   7.3420000000000005        7.1877245382000003     
   7.3490000000000002        7.1741047092250012     
   7.3559999999999999        7.1602922223999999     
   7.3630000000000004        7.1462865901750003     
   7.3700000000000001        7.1320873249999988     
   7.3769999999999998        7.1176939393250009     
   7.3840000000000003        7.1031059455999994     
   7.3910000000000000        7.0883228562750009     
   7.3980000000000006        7.0733441838000006     
   7.4050000000000002        7.0581694406249991     
   7.4119999999999999        7.0427981392000012     
   7.4190000000000005        7.0272297919749995     
   7.4260000000000002        7.0114639114000008     
   7.4329999999999998        6.9955000099250029     
   7.4400000000000004        6.9793375999999991     
   7.4470000000000001        6.9629761940750008     
   7.4539999999999997        6.9464153046000012     
   7.4610000000000003        6.9296544440250001     
   7.4680000000000000        6.9126931248000023     
   7.4750000000000005        6.8955308593749978     
   7.4820000000000002        6.8781671602000003     
   7.4889999999999999        6.8606015397249998     
   7.4960000000000004        6.8428335103999993     
   7.5030000000000001        6.8248625846750013     
   7.5099999999999998        6.8066882750000017     
   7.5170000000000003        6.7883100938250012     
   7.5240000000000000        6.7697275535999983     
   7.5309999999999997        6.7509401667750026     
   7.5380000000000003        6.7319474457999995     
   7.5449999999999999        6.7127489031250001     
   7.5520000000000005        6.6933440511999995     
   7.5590000000000002        6.6737324024749993     
   7.5659999999999998        6.6539134693999999     
   7.5730000000000004        6.6338867644249975     
   7.5800000000000001        6.6136518000000004     
   7.5869999999999997        6.5932080885750022     
   7.5940000000000003        6.5725551425999997     
   7.6010000000000000        6.5516924745250007     
   7.6080000000000005        6.5306195967999976     
   7.6150000000000002        6.5093360218750007     
   7.6219999999999999        6.4878412622000017     
   7.6290000000000004        6.4661348302249992     
   7.6360000000000001        6.4442162384000001     
   7.6429999999999998        6.4220849991749995     
   7.6500000000000004        6.3997406249999997     
   7.6570000000000000        6.3771826283250013     
   7.6639999999999997        6.3544105216000011     
   7.6710000000000003        6.3314238172749997     
   7.6779999999999999        6.3082220278000012     
   7.6850000000000005        6.2848046656249990     
   7.6920000000000002        6.2611712431999971     
   7.6989999999999998        6.2373212729749996     
   7.7060000000000004        6.2132542674000009     
   7.7130000000000001        6.1889697389249996     
   7.7199999999999998        6.1644672000000025     
   7.7270000000000003        6.1397461630749985     
   7.7340000000000000        6.1148061406000007     
   7.7410000000000005        6.0896466450249989     
   7.7480000000000002        6.0642671888000006     
   7.7549999999999999        6.0386672843750038     
   7.7620000000000005        6.0128464441999965     
   7.7690000000000001        5.9868041807250014     
   7.7759999999999998        5.9605400064000049     
   7.7830000000000004        5.9340534336749977     
   7.7900000000000000        5.9073439750000007     
   7.7969999999999997        5.8804111428250012     
   7.8040000000000003        5.8532544496000014     
   7.8109999999999999        5.8258734077750018     
   7.8180000000000005        5.7982675297999977     
   7.8250000000000002        5.7704363281250002     
   7.8319999999999999        5.7423793152000009     
   7.8390000000000004        5.7140960034750004     
   7.8460000000000001        5.6855859053999982     
   7.8529999999999998        5.6568485334250020     
   7.8600000000000003        5.6278833999999991     
   7.8670000000000000        5.5986900175749996     
   7.8740000000000006        5.5692678985999997     
   7.8810000000000002        5.5396165555249999     
   7.8879999999999999        5.5097355008000006     
   7.8950000000000005        5.4796242468750007     
   7.9020000000000001        5.4492823061999980     
   7.9089999999999998        5.4187091912250036     
   7.9160000000000004        5.3879044143999977     
   7.9230000000000000        5.3568674881750020     
   7.9299999999999997        5.3255979250000038     
   7.9370000000000003        5.2940952373249992     
   7.9440000000000000        5.2623589376000011     
   7.9510000000000005        5.2303885382749984     
   7.9580000000000002        5.1981835517999997     
   7.9649999999999999        5.1657434906250046     
   7.9720000000000004        5.1330678671999994     
   7.9790000000000001        5.1001561939750006     
   7.9859999999999998        5.0670079834000008     
   7.9930000000000003        5.0336227479249995     
   8.0000000000000000        5.0000000000000044     
